Task 1: 7195
16
15
1
3
12
5
1
2
1
2
1
16
2
9
2
17
2
6
3
17
7
1
12
1
3
2
4
1
2
2
2
5
4
4
4
2
24
41
54
1
2
3
5
15
6
1
9
4
12
2
1
15
13
6
6
1
3
3
2
7
10
6
9
2
9
4
2
2
3
3
6
2
7
1
1
9
4
1
2
6
4
2
18
3
2
3
4
4
1
1
2
10
3
19
3
2
10
4
2
12
4
6
3
6
6
8
3
1
2
35
4
3
5
9
2
1
1
14
3
2
5
3
3
8
44
1
4
2
2
3
6
3
1
2
10
7
2
7
3
3
10
10
2
8
4
1
5
1
2
6
6
15
3
5
6
3
9
3
1
9
2
2
2
3
6
2
2
7
2
4
14
10
1
22
4
5
3
8
2
28
15
10
19
2
10
7
8
1
3
2
3
4
1
4
4
1
20
1
1
6
8
2
7
20
9
2
5
13
4
3
15
4
28
2
2
10
1
7
6
6
46
10
3
2
1
6
14
6
2
1
3
1
4
2
6
10
8
6
1
1
3
1
21
1
40
1
5
12
5
14
10
7
2
1
5
9
19
7
4
1
6
2
1
4
10
3
8
6
3
11
4
2
1
3
3
19
3
1
10
85
2
6
2
2
3
29
3
1
29
1
14
6
7
10
21
2
2
5
2
2
7
1
8
27
1
4
4
2
2
12
2
5
2
19
3
1
2
3
10
5
3
1
4
4
1
2
3
3
3
7
4
6
1
1
9
2
27
11
3
4
24
1
6
3
2
2
1
6
2
1
16
1
2
2
2
3
16
2
4
17
2
6
1
4
16
2
1
25
1
3
28
30
2
1
1
9
166
3
1
2
3
3
2
8
6
7
2
8
1
1
9
13
2
2
6
5
1
1
1
3
3
2
3
12
5
10
10
3
1
1
4
2
20
4
4
35
19
10
3
1
6
3
4
1
6
21
4
2
2
4
7
4
6
5
5
1
65
12
2
10
4
5
2
21
1
2
6
7
9
6
8
1
13
3
11
1
24
38
6
3
6
3
6
6
10
1
5
2
4
10
10
40
20
1
1
15
2
25
1
1
2
4
1
8
4
1
1
6
2
86
2
4
9
53
3
1
6
3
1
4
1
2
24
2
1
11
11
5
2
3
7
4
2
3
3
1
1
2
2
3
7
1
2
4
9
4
4
4
2
4
10
1
2
12
5
2
6
8
15
15
1
4
6
2
6
1
9
50
23
2
4
1
7
6
55
16
2
1
1
2
6
14
4
4
3
12
8
10
3
14
7
6
2
35
1
14
17
5
4
1
1
5
12
5
10
1
5
1
56
1
6
2
9
7
4
7
30
5
3
2
3
4
10
12
6
2
3
8
3
1
2
1
3
2
9
3
4
8
6
2
6
3
10
2
4
2
1
2
2
3
4
10
9
6
14
5
16
4
2
3
6
4
2
10
16
1
2
1
3
4
14
8
2
24
15
4
1
3
2
2
25
4
2
7
8
1
16
1
4
7
4
4
2
2
1
2
5
1
2
2
10
2
1
10
2
19
12
1
2
14
24
14
8
7
4
1
4
2
2
3
2
1
5
5
150
5
4
4
8
9
6
5
30
4
6
16
15
1
6
1
3
9
6
1
3
5
4
3
3
4
7
11
2
4
4
2
1
10
2
2
2
5
3
6
4
18
2
7
6
12
3
3
4
14
2
3
3
6
7
15
5
1
8
1
1
4
4
3
2
23
5
4
30
12
2
2
10
10
2
4
19
7
1
12
4
3
11
2
9
2
8
1
2
2
10
1
4
2
2
2
4
8
18
1
2
1
6
4
2
2
2
20
17
1
12
7
2
4
2
6
6
48
3
1
5
16
3
12
14
6
8
1
3
6
7
9
4
1
4
1
6
2
18
4
9
3
46
2
2
3
9
11
2
2
1
3
8
3
2
1
5
9
1
10
4
13
1
1
2
9
1
1
2
1
2
5
7
3
7
14
8
21
4
4
5
6
2
4
15
1
12
9
2
2
2
22
5
4
1
6
1
3
12
36
18
6
3
1
6
2
3
18
3
2
2
14
2
5
12
6
10
4
2
2
1
4
3
4
166
4
16
4
6
18
1
9
3
16
2
3
4
5
15
20
2
2
4
2
6
2
12
3
2
4
1
12
2
21
19
4
3
1
1
5
6
15
3
2
4
2
25
2
2
3
3
23
4
1
17
4
4
10
11
35
6
2
3
1
5
2
2
20
10
6
3
1
9
73
3
2
